39865
43772
16145
58807
20665
9528
42407
27396
38675
54852
37741
48556
34438
5554
44446
40677
21044
38281
48519
31384
21359
57335
38524
61333
52416
23837
25150
18856
19862
44892
34074
27081
12660
6638
63229
15299
65111
51927
57959
38847
15733
64160
55220
42627
38494
21543
1262
14318
33289
59662
9417
46702
10112
52535
24773
41209
33502
43856
25059
62182
51233
26238
35840
21096
15176
30398
46879
25827
58087
2071
62273
61218
10859
63486
35831
52279
14338
36776
63144
20983
40624
35157
23342
51116
52989
57356
47425
23929
24464
40418
7099
10108
23655
34591
53716
32557
5655
50104
40094
12232
20716
4487
32301
33614
21665
36932
32854
27558
62649
19681
50529
36066
53316
17544
60909
58791
30092
5976
16156
7017
56673
60191
40171
13130
52516
17888
18736
24041
36249
22914
31337
5800
2384
63701
22392
60723
53172
29169
62320
21283
34041
13241
10147
38363
32938
61323
52679
28282
25146
33664
